z[0] = -0.547729
z[1] = -0.999961
z[2] = 0.991203
z[3] = 0.154251
z[4] = 0.765414
z[5] = 1.67017e-05
z[6] = 1.67017e-05
z[7] = 1.67017e-05
z[8] = 1.67017e-05
z[9] = 1.67017e-05
